0 0 3128
0 0 3156
0 0 3219
0 0 3516
0 1 2348
0 2 2350
0 2 2369
0 2 2380
0 2 2392
0 2 2471
0 3 3086
0 4 2353
0 5 2664
0 6 6285
1 0 4409
1 0 4715
1 0 5511
1 1 2348
1 1 2474
1 2 2369
1 2 2373
1 2 2380
1 2 2392
1 3 3138
1 4 2353
1 5 2423
1 6 4010
2 0 3131
2 1 2348
2 2 2350
2 3 2867
2 4 2353
2 5 2375
2 6 3967
3 0 2676
3 0 5843
3 1 2348
3 2 2350
3 2 2362
3 2 2410
3 3 5737
3 4 2353
3 5 2359
3 6 4785
4 0 2686
4 0 3287
4 0 3682
4 0 3937
4 1 2348
4 2 2350
4 2 2380
4 2 2410
4 3 2413
4 4 2353
4 5 2423
4 6 3937
5 0 3478
5 1 2348
5 2 2350
5 2 2369
5 2 2380
5 3 5731
5 4 2353
5 5 2423
5 6 5316
6 0 2994
6 0 4734
6 1 2348
6 1 2695
6 1 3277
6 2 2369
6 2 2373
6 3 3625
6 4 2353
6 4 2419
6 5 2375
6 6 2948
7 0 4543
7 1 2348
7 2 2350
7 2 2362
7 2 2410
7 3 2962
7 4 2353
7 5 2375
7 6 2808
8 0 3382
8 0 4646
8 0 5086
8 1 2348
8 1 2383
8 2 2350
8 2 2479
8 3 3499
8 4 2353
8 4 2378
8 5 2375
8 6 3382
9 0 5509
9 0 5652
9 0 5876
9 1 2348
9 2 2369
9 2 2380
9 2 2471
9 3 2374
9 4 2353
9 5 2664
9 6 4584
10 0 2666
10 0 2961
10 0 4893
10 1 2348
10 1 3277
10 2 2362
10 2 2598
10 2 2608
10 3 3273
10 4 2353
10 5 2359
10 6 2666
11 0 3201
11 0 3620
11 1 2348
11 2 2350
11 2 2369
11 2 2373
11 3 3233
11 4 2353
11 4 2378
11 4 2403
11 4 2822
11 5 2375
11 6 2428
12 0 2502
12 1 2348
12 1 2474
12 2 2362
12 2 2410
12 3 2502
12 4 2353
12 5 2423
12 6 2522
13 0 2573
13 0 3170
13 0 3812
13 0 4957
13 1 2348
13 2 2350
13 4 2353
13 5 2359
13 6 2573
13 6 3170
13 6 3812
13 6 4957
14 0 5928
14 1 2348
14 2 2350
14 2 2369
14 3 2407
14 5 2375
14 6 5928
15 0 4133
15 0 4373
15 1 2348
15 2 2350
15 2 2373
15 3 2461
15 4 2353
15 5 2359
15 6 6432
16 0 5094
16 1 2348
16 2 2350
16 2 2354
16 3 4350
16 4 2353
16 5 2359
16 6 3655
17 0 4557
17 1 2348
17 1 3277
17 2 2362
17 2 2410
17 3 3066
17 4 2353
17 5 2359
17 6 4557
18 0 4292
18 1 2348
18 2 2350
18 2 2362
18 2 2410
18 3 2973
18 4 2353
18 5 2375
18 6 6789
19 0 2737
19 0 4072
19 0 4431
19 1 2474
19 1 2878
19 2 2386
19 2 2392
19 3 4172
19 4 2356
19 4 2378
19 4 2822
19 5 2359
19 6 2737
19 6 4072
20 0 5247
20 2 2362
20 3 3797
20 5 2359
20 6 2720
21 0 2676
21 1 2348
21 2 2362
21 2 2598
21 3 3223
21 4 2353
21 5 2359
21 6 2499
22 0 3623
22 0 4838
22 1 2348
22 1 2474
22 2 2363
22 2 2386
22 3 3083
22 4 2353
22 5 2359
22 6 2759
23 0 3876
23 0 4258
23 1 2348
23 2 2369
23 3 6259
23 4 2353
23 4 2378
23 5 2664
23 6 3876
24 0 4249
24 1 2348
24 2 2362
24 2 2410
24 2 2598
24 3 2502
24 4 2378
24 4 2419
24 5 2359
24 6 4249
25 0 6823
25 1 2348
25 1 3277
25 2 2362
25 2 2369
25 2 2380
25 3 5711
25 4 2353
25 5 2664
25 6 6369
26 0 2769
26 1 2348
26 1 2695
26 2 2350
26 2 2410
26 3 5863
26 4 2353
26 5 2375
26 6 2769
27 0 3420
27 0 3851
27 0 6381
27 1 2348
27 2 2362
27 2 2373
27 2 2377
27 3 3770
27 4 2353
27 5 2359
27 6 3420
27 6 3851
28 0 5935
28 1 2348
28 2 2369
28 2 2373
28 2 2386
28 2 2392
28 3 3058
28 4 2353
28 5 2375
28 6 4434
29 0 4128
29 1 2348
29 2 2362
29 2 2410
29 3 3540
29 4 2353
29 5 2375
29 6 3301
30 0 4627
30 1 2348
30 2 2362
30 2 2410
30 3 5275
30 4 2490
30 5 2359
30 6 4627
31 0 5929
31 1 2348
31 1 2474
31 1 2695
31 1 2943
31 2 2363
31 2 2476
31 3 2408
31 4 2353
31 5 2359
31 6 3603
32 0 2437
32 1 2348
32 2 2350
32 2 2392
32 2 2410
32 4 2353
32 5 2359
32 6 2437
33 0 5032
33 0 5200
33 0 5366
33 1 2622
33 1 4446
33 2 2362
33 3 4910
33 4 2403
33 6 5366
34 0 3126
34 1 2348
34 2 2350
34 2 2380
34 2 2753
34 3 2770
34 4 2353
34 5 2423
34 6 3126
35 0 3854
35 0 6631
35 1 2348
35 2 2350
35 2 2380
35 2 2392
35 3 5382
35 4 2353
35 4 2490
35 6 3854
36 0 3866
36 0 3892
36 0 5543
36 0 5896
36 0 6396
36 1 2622
36 1 2695
36 2 2350
36 2 2362
36 2 2410
36 2 2598
36 3 3892
36 4 2403
36 5 2423
36 6 3866
36 6 3892
37 0 2624
37 1 2348
37 2 2380
37 2 2392
37 3 2748
37 4 2353
37 5 2423
37 6 2433
38 0 3007
38 1 2348
38 2 2362
38 3 2776
38 4 2353
38 5 2423
38 6 3146
39 0 3036
39 0 4181
39 0 4207
39 1 2348
39 2 2350
39 3 3036
39 4 2353
39 5 2359
39 6 5655
40 0 6227
40 1 2348
40 2 2350
40 3 3197
40 4 2353
40 5 2375
40 6 3922
41 1 2348
41 2 2373
41 2 2386
41 3 3050
41 5 2375
41 6 6565
42 0 5535
42 1 2348
42 2 2362
42 3 2523
42 4 2353
42 5 2375
42 6 3573
43 0 2573
43 1 2348
43 1 2695
43 2 2373
43 2 2479
43 3 2504
43 4 2353
43 5 2359
43 6 3170
44 0 2463
44 0 3829
44 1 2348
44 2 2350
44 2 2362
44 2 2410
44 3 6473
44 4 2353
44 5 2359
44 6 2463
45 0 3131
45 1 2348
45 2 2350
45 3 2658
45 4 2353
45 5 2423
45 6 3317
46 0 4187
46 1 2348
46 1 2383
46 2 2409
46 2 2598
46 6 4187
47 0 5421
47 1 2348
47 2 2362
47 2 2476
47 3 2899
47 4 2353
47 5 2359
47 6 5421
48 0 3652
48 1 2348
48 2 2362
48 2 2476
48 3 5007
48 4 2353
48 5 2359
48 6 4227
49 0 3592
49 1 3690
49 2 2362
49 2 2380
49 3 4293
49 6 4078
50 0 5269
50 1 3304
50 2 2350
50 2 2362
50 3 5838
50 5 2359
50 6 5269
51 1 2348
51 2 2362
51 3 2361
51 4 2353
51 5 2423
51 6 5482
52 0 2714
52 0 3919
52 1 2348
52 2 2350
52 2 2362
52 3 2714
52 4 2353
52 5 2359
52 6 3919
53 0 2869
53 0 5671
53 1 2348
53 2 2362
53 2 2410
53 3 3779
53 4 2353
53 4 2419
53 5 2359
53 6 5671
54 0 4831
54 1 2348
54 2 2362
54 2 2369
54 3 3438
54 4 2353
54 5 2375
54 6 3071
55 1 2348
55 2 2350
55 2 2380
55 3 5913
55 4 2353
55 5 2423
55 6 3310
56 0 5956
56 1 2348
56 2 2362
56 3 4437
56 4 2353
56 5 2375
56 6 3483
57 0 4249
57 1 2348
57 2 2362
57 2 2476
57 2 2479
57 3 3751
57 4 2353
57 5 2359
57 6 2839
58 0 2694
58 0 4714
58 0 6020
58 1 2348
58 2 2350
58 2 2479
58 5 2359
58 6 2580
59 0 2609
59 1 2348
59 2 2350
59 3 4762
59 4 2419
59 5 2359
59 6 2609
60 1 2348
60 2 2409
60 2 2598
60 6 5971
61 0 3100
61 0 3347
61 0 3410
61 0 4522
61 1 2348
61 2 2362
61 3 2523
61 4 2353
61 5 2359
61 6 3819
62 0 2955
62 0 3766
62 0 4889
62 1 2348
62 2 2350
62 3 2731
62 4 2353
62 5 2375
62 6 2905
63 0 2571
63 0 3723
63 1 2348
63 2 2350
63 2 2753
63 3 2571
63 4 2353
63 5 2375
63 6 3352
64 0 3955
64 1 2348
64 2 2362
64 2 2410
64 3 2556
64 4 2353
64 6 2556
65 1 2383
65 2 2350
65 2 2362
65 3 4589
65 6 2710
66 0 3815
66 1 2348
66 2 2350
66 2 2369
66 2 2380
66 2 2396
66 3 4319
66 4 2353
66 5 2664
66 6 3517
67 0 4351
67 0 6603
67 1 2348
67 1 2878
67 2 2350
67 2 2373
67 3 5472
67 5 2359
67 6 3000
68 0 5513
68 0 5658
68 0 6482
68 1 2348
68 1 6101
68 2 2362
68 3 4370
68 4 2419
68 4 2490
68 5 2359
68 6 5658
69 0 3279
69 1 2348
69 2 2377
69 2 2409
69 2 2598
69 5 2423
69 6 3279
70 0 3886
70 0 6973
70 1 2348
70 2 2362
70 3 2907
70 4 2419
70 5 2359
70 6 3886
71 0 2500
71 0 4707
71 1 2348
71 2 2350
71 2 2410
71 3 5728
71 4 2353
71 5 2359
71 6 2500
72 0 3842
72 1 2348
72 2 2350
72 2 2362
72 3 5803
72 5 2423
72 6 4023
73 0 2499
73 0 3259
73 0 5856
73 1 2348
73 2 2362
73 3 4556
73 6 2499
74 0 4630
74 1 2348
74 1 2480
74 1 2878
74 1 4182
74 2 2362
74 2 2410
74 3 5166
74 5 2375
74 6 4630
75 1 2348
75 2 2369
75 2 2380
75 2 2392
75 3 3368
75 4 2353
75 4 2822
75 5 2664
75 6 5420
76 1 2348
76 2 2409
76 6 5579
77 0 3072
77 0 6990
77 1 2348
77 2 2362
77 2 2410
77 4 2353
77 5 2359
77 6 6014
78 0 3527
78 1 2695
78 2 2350
78 2 2362
78 3 4878
78 6 3527
79 1 2348
79 2 2409
79 6 5769
80 0 3047
80 0 5753
80 1 2348
80 2 2350
80 3 5149
80 4 2353
80 5 2375
80 6 5369
81 0 6551
81 1 2348
81 2 2409
81 2 2598
81 6 6551
82 0 5597
82 1 2348
82 2 2362
82 3 6919
82 4 2419
82 6 5597
83 0 5411
83 0 6612
83 1 2348
83 2 2350
83 3 3138
83 4 2353
83 5 2359
83 6 2820
84 0 3454
84 1 2348
84 2 2350
84 2 2362
84 2 2410
84 3 3481
84 4 2353
84 5 2359
84 6 3454
85 1 2348
85 2 2362
85 2 2369
85 2 2380
85 3 3989
85 4 2353
85 5 2423
85 6 2745
86 0 6592
86 1 2348
86 2 2362
86 2 2598
86 2 2753
86 3 3761
86 4 2353
86 5 2359
86 6 3958
87 0 5529
87 1 2348
87 2 2350
87 2 2362
87 2 2410
87 3 3232
87 4 2419
87 5 2359
87 6 4545
88 0 2538
88 0 3681
88 1 2348
88 2 2362
88 2 2369
88 2 2608
88 3 3086
88 4 2353
88 5 2423
88 6 4192
89 0 4637
89 1 2348
89 2 2479
89 3 5923
89 4 2353
89 6 2781
90 0 2893
90 0 4932
90 0 6740
90 1 2348
90 2 2369
90 2 2373
90 2 2392
90 4 2353
90 5 2375
90 6 3344
91 0 3111
91 0 4758
91 1 2348
91 2 2362
91 2 2373
91 3 3363
91 4 2353
91 5 2359
91 6 2889
92 1 2348
92 2 2350
92 4 2353
92 5 2359
92 6 2879
92 6 3672
92 6 6655
93 0 2678
93 1 2348
93 2 2350
93 3 3224
93 4 2353
93 5 2423
93 6 2678
94 0 4085
94 0 5187
94 1 2348
94 2 2350
94 2 2380
94 2 2392
94 3 2888
94 4 2353
94 5 2423
94 6 4225
95 0 3035
95 0 3193
95 1 2348
95 2 2362
95 3 2504
95 5 2359
95 6 3035
96 0 5028
96 1 2348
96 2 2363
96 2 2369
96 2 2373
96 2 2386
96 3 5026
96 4 2353
96 5 2375
96 6 6129
97 0 6674
97 1 2348
97 2 2362
97 2 2373
97 2 2377
97 2 2476
97 3 4350
97 4 2353
97 5 2359
97 6 2863
98 1 2348
98 2 2409
98 2 2598
98 4 2353
98 5 2359
98 6 4895
99 0 4936
99 1 2348
99 2 2362
99 2 2363
99 2 2476
99 3 4610
99 4 2353
99 5 2359
99 6 4936
