0 0 88 162 333 593 701 723 736 888 1028 1159 1314 1551 1595 1613 1617 1622 1684 1808 1851 1994
1 164 201 221 226 232 240 301 323 372 374 408 635 689 693 694 696 704 723 724 751 830 887 921 1026 1109 1141 1159 1261 1275 1294 1347 1445 1697 1753 1794 1802 1825 1891 1998 2025 2035
2 301 412 607 623 658 694 704 750 759 795 808 1117 1145 1349 1429 1580 2001 2093 2164
3 162 301 596 636 696 721 801 1159 1551 1703 2034 2189
4 19 31 184 220 316 319 323 348 356 374 443 534 542 605 628 634 677 679 692 806 834 871 873 882 921 931 937 980 987 988 990 1065 1075 1090 1160 1311 1333 1335 1349 1380 1483 1551 1680 1707 1732 1787 1895 1900
5 0 121 165 232 242 375 543 544 689 796 829 1105 1145 1381 1389 1712 1780 1994 2056 2082 2132
6 221 301 371 408 515 694 710 736 902 921 983 1136 1159 1347 1483 1892
7 10 36 88 141 157 164 165 178 184 213 290 301 330 333 351 356 371 542 646 704 734 807 844 902 910 932 941 955 957 961 971 974 988 1028 1031 1159 1311 1332 1381 1411 1548 1551 1555 1804 1825 1851 1892 1894 1900 2076
8 0 17 31 98 136 186 201 221 330 333 334 447 476 664 704 712 762 782 844 863 974 1006 1091 1294 1301 1314 1320 1349 1483 1551 1595 1808 1825 1889 2216
9 1 22 88 129 157 162 174 181 199 200 201 208 217 222 226 227 232 273 301 341 342 343 371 459 486 501 536 537 543 544 549 555 558 591 602 623 624 627 636 649 651 657 664 694 695 696 704 709 712 716 721 729 734 736 737 741 746 751 762 781 789 790 793 829 887 902 907 930 941 942 961 966 998 1024 1090 1091 1105 1111 1113 1139 1140 1141 1142 1144 1149 1150 1151 1154 1171 1172 1174 1178 1193 1208 1210 1222 1245 1251 1260 1311 1320 1326 1349 1363 1378 1382 1388 1400 1407 1417 1429 1443 1444 1445 1483 1528 1552 1568 1585 1595 1601 1613 1617 1622 1635 1655 1661 1684 1701 1713 1732 1780 1790 1794 1795 1805 1808 1844 1845 1885 1891 1953 1959 2022 2025 2032 2045 2055 2056 2112 2113 2167 2216 2253 2334
10 31 63 133 151 201 211 301 343 374 417 628 689 695 696 747 782 808 889 971 974 990 1006 1211 1251 1305 1320 1332 1467 1546 1585 1595 1597 1613 1622 1684 1707 1732 1802 1815 1826 1998 2023 2120 2253
11 374 514 547 577 693 696 710 758 1622 2156 2312
12 31 162 184 201 208 301 333 371 372 636 695 696 698 704 732 750 781 887 1159 1171 1245 1358 1483 1548 2040
13 184 733 1381 1548 1551 1576 1685 1732 1756 1785
14 31 83 97 162 165 186 217 226 301 313 330 333 339 349 374 394 408 631 693 694 696 704 788 821 844 855 879 921 974 1014 1071 1117 1140 1145 1159 1214 1294 1379 1381 1404 1481 1483 1561 1595 1635 1642 1643 1738 1805 1807 1825 1826 1844 1846 1892 1994 2001 2054 2061 2132
15 961 1357 1484 1490 1546 1555 1571 1594
16 20 31 99 120 136 145 152 162 184 186 199 226 280 334 341 371 372 374 382 394 439 463 548 620 651 682 686 693 694 700 704 707 721 734 736 756 781 782 793 879 914 921 931 974 987 1090 1091 1136 1154 1159 1171 1215 1216 1230 1305 1309 1349 1365 1445 1460 1483 1528 1530 1589 1595 1682 1739 1756 1808 1825 1832 1892 1900 1997 1998 2035 2061 2075 2132 2156 2187 2188 2190 2191 2196 2212 2216 2243 2267 2299
17 0 6 28 94 142 178 188 296 333 351 371 372 386 408 539 544 564 591 593 595 628 633 686 693 694 695 696 701 707 723 737 750 801 863 879 932 961 972 977 1112 1117 1139 1141 1144 1153 1154 1159 1193 1195 1198 1215 1229 1230 1231 1260 1261 1283 1294 1311 1314 1349 1363 1379 1396 1548 1582 1617 1635 1659 1700 1701 1703 1707 1730 1805 1845 1885 1891 1895 1987 1988 1989 2023 2040 2138 2140 2143 2190 2191 2216 2243
18 0 6 12 136 201 240 264 301 371 374 447 514 596 664 689 693 694 696 700 704 709 731 736 741 762 781 788 790 902 961 998 1004 1136 1139 1140 1159 1193 1229 1349 1364 1379 1446 1551 1561 1568 1585 1595 1640 1643 1684 1700 1701 1702 1707 1719 1726 1728 1730 1808 1844 1898 2061 2075 2132 2138 2140 2143 2243 2292
19 371 408 721 789 879 1091 1159 1483 1519 2075
20 704 1619 2191 2212
21 22 110 136 232 269 303 335 343 351 370 371 382 426 479 495 514 542 596 606 624 696 699 707 721 731 734 736 747 750 782 805 808 955 990 1013 1064 1090 1144 1149 1171 1185 1228 1229 1231 1251 1311 1343 1377 1380 1585 1595 1613 1684 1732 1756 1768 1844 1889 2120 2157 2158 2253 2295 2325
22 16 26 31 32 43 118 120 184 301 309 341 348 371 374 382 408 447 463 514 596 636 651 698 707 710 711 712 721 725 730 781 863 966 1108 1139 1148 1150 1210 1244 1251 1325 1380 1460 1500 1512 1528 1551 1564 1595 1617 1701 1713 1732 1755 1805 2035 2061 2142 2187 2211 2239 2243 2253
23 31 90 184 201 333 372 514 539 544 614 623 629 633 693 695 709 710 716 724 733 734 736 750 762 782 794 808 829 882 930 931 949 974 1006 1110 1111 1117 1159 1226 1233 1234 1280 1283 1319 1381 1389 1528 1537 1546 1613 1617 1640 1684 1780 1785 1815 1845 1863 1890 2004 2023 2035 2074 2093
24 88 136 162 301 345 696 704 736 750 781 790 793 921 932 974 1090 1149 1150 1446 1469 1512 1564 1832 2131 2212 2243
25 38 71 97 102 120 128 156 201 226 294 301 512 539 627 657 721 734 796 808 933 957 974 1113 1117 1149 1235 1280 1290 1294 1326 1328 1346 1391 1413 1428 1469 1679 1786 1799 1829 1832 1843 1897 1928 1962 2057 2074 2087 2126
26 186 201 341 536 540 542 546 549 557 636 658 683 696 698 701 719 727 732 808 1256 1701 1732 1965 2175 2204
27 26 31 162 212 333 348 476 536 539 558 682 694 695 704 716 724 734 737 741 745 750 801 946 974 1136 1226 1305 1381 1528 1595 1684 1700 1732 1946 2164
28 31 162 178 201 301 371 382 596 694 696 698 709 721 732 759 1013 1214 1386 1389 1460 1530 1698 1702 1728 1730 1775 1800 2075 2143 2189 2211 2273
29 201 333 371 636 680 734 1159 1471 1483 1548 1595 2341 2344
30 226 227 301 408 536 540 557 559 649 651 695 704 736 762 1098 1193 1349 1359 1528 1586 1684 1691 1885 1964 1986 1987 2067 2164 2167 2180
31 22 165 371 374 459 726 782 1210 1595 1707 1780 1799 1825 2095 2216 2239
32 88 162 201 221 270 301 318 351 368 371 374 426 548 564 593 623 628 633 635 636 640 696 700 701 702 710 711 723 733 736 738 750 755 756 775 781 782 790 801 873 1065 1108 1113 1136 1139 1140 1148 1188 1211 1214 1243 1244 1261 1294 1347 1377 1476 1522 1523 1524 1530 1595 1613 1651 1698 1701 1723 1780 1799 1800 1861 1876 1892 1949 1963 1964 1965 1998 2035 2053 2054 2059 2075 2093 2120 2143 2174 2273
33 0 12 26 201 226 277 343 375 440 459 593 623 630 636 638 695 701 736 741 745 801 807 829 863 934 959 974 983 1027 1117 1136 1139 1140 1234 1251 1283 1311 1332 1359 1381 1389 1395 1400 1403 1439 1484 1490 1537 1613 1614 1616 1622 1684 1756 1790 1962 2024 2054 2061 2082 2295
34 12 26 74 184 440 499 537 542 564 593 624 633 640 658 664 678 686 695 696 704 708 716 741 747 755 782 796 974 1027 1104 1115 1153 1277 1381 1485 1577 1655 1703 1714 1753 1773 1787 1792 1829 1960 2025 2091 2164 2173 2187 2240 2283
35 0 6 7 16 20 22 84 97 99 105 118 120 136 142 143 151 152 162 184 221 232 281 291 301 313 333 349 351 352 368 371 374 375 407 512 514 564 596 623 629 631 633 636 657 663 691 694 695 696 702 721 726 734 738 740 741 750 752 762 781 782 788 807 853 879 902 921 934 941 949 983 1058 1091 1112 1114 1139 1140 1159 1182 1185 1214 1234 1261 1283 1284 1295 1301 1314 1326 1349 1357 1377 1378 1380 1389 1399 1400 1403 1404 1428 1468 1469 1537 1546 1552 1557 1570 1594 1595 1605 1613 1684 1703 1707 1718 1726 1768 1777 1780 1785 1799 1808 1821 1825 1844 1846 1854 1865 1889 1891 1892 1928 1960 1962 1994 2023 2063 2074 2075 2092 2131 2140 2143 2164 2186 2189 2195 2203 2212 2223 2238 2239 2243 2262 2267 2273
36 156 226 375 408 440 537 695 796 983 1193 1210 1381 1613 1835 1989
37 0 12 26 137 154 226 227 241 313 440 539 684 723 724 796 807 902 974 1006 1194 1234 1349 1381 1402 1411 1484 1537 1542 1780 1994
38 136 201 693 990 1349 1380 1446 1484 1551 1603 1707 1732 1808 1845 2131 2216 2243
39 1 97 226 291 412 463 535 544 564 694 696 727 732 738 750 792 793 1214 1265 1309 1389 1430 1698 1713 1775 1854 1997 2146 2218
40 162 423 694 704 944 1512 1562 1595
41 105 120 162 199 201 208 221 226 239 333 341 371 374 382 408 463 548 596 623 636 651 694 695 696 704 711 721 729 734 736 747 750 753 756 781 790 791 792 921 1058 1108 1117 1150 1151 1208 1213 1215 1227 1251 1260 1325 1359 1386 1389 1460 1461 1464 1512 1545 1701 1702 1730 1732 1756 1790 1845 1892 2001 2035 2069 2074 2094 2142 2189 2190 2223 2248 2295 2333
42 226 501 762 1357 1359 1379 1381 1490 1561 1595 1708 1732 1808 2243
43 1 12 66 154 162 199 201 301 333 339 343 348 371 374 408 459 548 593 636 658 664 695 704 709 712 718 721 750 759 762 781 892 1004 1145 1149 1171 1192 1193 1195 1208 1260 1317 1382 1389 1483 1512 1555 1568 1595 1617 1647 1762 1888 1898 1963 1986 1987 1988 2035 2124 2212 2216 2218 2243 2333 2334
44 0 7 17 26 29 165 227 432 440 451 539 543 544 559 564 593 657 687 689 713 734 736 1020 1027 1072 1111 1186 1283 1292 1346 1401 1427 1431 1443 1537 1762 1768 1797 1808 1845 1894 1959 2024 2025 2032 2056 2059 2120 2124 2176 2257 2283
45 231 531 731 935 981 1118 1119 1120 1121 1122 1124 1125 1126 1127 1128 1244 1336 1562
46 12 154 201 333 514 539 601 693 702 710 724 1622
47 0 22 31 88 129 162 165 184 199 201 221 226 232 301 341 349 514 537 539 544 547 548 549 593 596 602 636 693 694 704 709 710 721 724 726 732 736 763 801 921 941 1102 1103 1117 1159 1208 1211 1214 1301 1349 1379 1381 1395 1400 1445 1483 1595 1613 1617 1652 1655 1700 1730 1739 1756 1794 1804 1808 1821 1825 1865 1889 1894 1964 2035 2059 2093 2131 2135 2167 2212 2312
48 0 9 95 120 178 184 240 301 310 333 352 371 514 611 694 698 704 781 788 893 1107 1136 1159 1182 1301 1314 1340 1347 1349 1379 1551 1680 1799 2190 2208 2216
49 165 330 539 1244 1326 1336 1613 2290 2292
50 26 201 734 1073 1091 1381 1808 2043 2095 2128 2238 2243 2312
51 43 221 325 333 351 371 374 638 892 902 921 1347 1749 1905 2238 2324
52 1 12 13 16 17 19 24 31 61 74 87 88 99 105 109 116 118 121 136 141 142 162 164 173 174 179 184 186 188 191 201 204 213 228 270 308 309 310 316 321 335 338 343 356 368 371 372 374 387 425 434 455 459 471 484 500 514 532 543 544 546 556 564 593 594 596 601 605 606 614 628 631 633 634 652 679 682 685 690 693 694 699 700 701 702 704 710 711 721 723 725 731 735 736 737 738 741 742 743 749 754 755 769 775 781 788 789 796 801 805 806 807 809 844 851 855 862 871 875 879 893 910 921 922 925 930 931 932 941 944 946 957 961 964 966 968 971 974 977 987 1002 1015 1028 1036 1064 1085 1088 1090 1104 1107 1112 1113 1117 1139 1144 1150 1151 1153 1165 1171 1178 1193 1208 1215 1228 1230 1241 1245 1251 1256 1261 1283 1294 1311 1325 1347 1349 1357 1365 1380 1381 1395 1415 1420 1426 1446 1483 1485 1490 1505 1528 1546 1551 1564 1582 1585 1587 1594 1595 1601 1611 1617 1643 1650 1662 1697 1706 1707 1732 1747 1753 1755 1756 1762 1763 1778 1784 1794 1796 1830 1848 1854 1887 1891 1892 1895 1898 1899 1900 1902 1941 1950 1998 2004 2023 2040 2074 2075 2096 2112 2115 2118 2130 2153 2164 2168 2177 2183 2188 2190 2191 2213 2238 2243 2248 2312 2325 2326 2332 2333
53 145 162 536 623 658 693 700 716 718 740 759 808 934 1238 1610 1964 2001 2177
54 88 201 333 371 374 974 1594 1595 1808
55 0 31 88 97 151 184 333 863 931 1091 1159 1320 1332 1349 1381 1732 1748 1808
56 328 348 416 629 694 696 710 715 725 730 808 1161 1613 1622 2008 2216 2239 2243 2244
57 16 19 22 26 43 98 136 145 162 184 199 201 208 215 226 232 248 273 294 301 319 325 333 341 371 374 382 423 447 514 542 544 549 558 564 624 629 636 649 658 679 686 687 694 695 696 698 699 700 702 704 707 709 710 711 717 718 723 724 726 745 752 756 762 769 775 781 782 789 794 801 805 808 873 879 911 921 932 934 949 966 969 1090 1091 1116 1117 1139 1145 1149 1154 1181 1185 1208 1214 1215 1221 1229 1230 1251 1255 1311 1325 1343 1351 1380 1423 1460 1505 1528 1551 1572 1585 1595 1613 1622 1635 1652 1659 1669 1682 1684 1698 1700 1701 1702 1707 1713 1726 1728 1730 1748 1773 1780 1787 1796 1799 1805 1808 1826 1830 1845 1863 1895 1942 1998 2025 2035 2074 2075 2093 2140 2143 2153 2164 2189 2190 2211 2216 2295 2309 2333
58 12 36 164 319 323 372 385 463 536 537 538 539 540 542 543 544 547 557 559 564 633 636 678 679 695 698 702 706 709 713 724 726 751 755 796 1105 1111 1153 1159 1188 1357 1381 1536 1548 1712 1732 1872 1946 1960 2035 2255 2258 2321
59 0 1 6 37 226 232 240 631 821 839 863 887 892 977 1072 1171 1349 1376 1492 1512 1777 1845
60 2148 2238 2267 2302 2312
61 1 17 22 50 64 105 128 141 158 162 164 172 268 270 290 296 319 341 440 463 486 508 514 536 537 540 544 546 558 559 564 608 629 631 634 635 640 669 678 693 701 703 706 710 715 721 723 724 727 736 740 751 754 759 762 809 835 841 871 879 902 932 957 985 993 1095 1099 1102 1103 1104 1110 1113 1115 1139 1156 1182 1185 1214 1256 1261 1320 1338 1389 1423 1426 1595 1652 1655 1658 1742 1748 1780 1781 1794 1799 1802 1805 1821 1829 1846 1855 1857 1858 1888 1897 1946 1963 1964 1966 1998 2001 2004 2024 2034 2053 2059 2060 2087 2135 2139 2164 2176 2177 2189 2192 2208 2241 2335
62 43 341 463 633 1156 1333 1380 1381 1446 1498 1551 1564 1593 1594 1595 1739 1740 1808 1844 1845 1846 2061 2087 2216
63 199 696 704 707 750 961 981 1214 1562 1595 1683 1904 2094 2243
64 0 31 88 162 226 240 301 375 596 629 636 694 696 704 709 723 726 736 750 789 921 1091 1139 1159 1182 1214 1275 1294 1347 1389 1393 1402 1429 1483 1512 1555 1595 1621 1628 1738 1777 1804 1808 1825 1833 1891 1905 2023 2080 2093 2094 2131 2142 2218 2324
65 217 226 301 330 629 694 738 1113 1159 1613
66 17 201 542 547 557 558 566 627 633 686 701 724 738 957 1100 1102 1103 1104 1107 1108 1136 1244 1829 1840 1946 1960 1963 2004 2033 2035 2059 2177 2208
67 136 308 356 459 624 695 716 736 741 762 863 873 932 993 1105 1185 1283 1349 1381 1528 1587 1595 1655 1680 1684 1732 1778 1779 1986 2059 2090 2164 2216 2292
68 12 17 36 97 142 164 168 203 213 226 268 270 280 297 319 323 374 387 601 646 684 750 844 931 941 961 974 993 1015 1026 1697 1739 1787 1826 1998
69 136 542 871 1349 1379 1380 1381 1469 1484 1546 1707 1785 1808 1833 1844 1846
70 136 301 408 726 1613 1738 1994 2061 2238
71 7 12 50 88 226 313 374 375 689 704 759 1381 1732 1799 1802 1805 1812 1885 1998 2312
72 43 67 120 226 291 372 375 423 447 515 593 664 694 696 699 704 707 711 721 731 734 736 750 781 788 789 790 793 879 892 902 921 934 990 1063 1090 1113 1117 1136 1139 1140 1159 1171 1208 1250 1251 1260 1358 1378 1483 1484 1528 1551 1555 1568 1613 1635 1684 1756 1768 1790 1845 1862 1863 1889 1900 2015 2019 2023 2132 2190 2293 2295
73 31 151 184 226 374 385 601 910 990 1114 1350 1963 1994 2025 2059
74 0 1 5 9 14 37 94 111 146 161 301 313 345 348 354 365 386 395 416 423 436 441 459 485 587 595 636 664 694 704 853 856 873 913 975 1024 1089 1163 1177 1178 1181 1194 1195 1198 1220 1221 1240 1245 1246 1314 1348 1379 1402 1443 1477 1483 1484 1490 1512 1546 1569 1594 1637 1647 1704 1833 1835 1845 1990 1994 2042 2216
75 0 164 184 201 277 334 374 447 459 476 628 664 712 725 782 807 832 974 1349 1351 1376 1381 1445 1483 1682 1707 1763 1802 1825 1826 1924 1933 1942 2026 2237 2243 2267 2312
76 1546 1593 1595 1732 1785 1844 2216
77 0 26 32 108 121 142 185 215 226 294 348 416 451 459 463 537 538 543 590 602 689 834 873 934 993 1012 1105 1210 1320 1333 1372 1498 1716 1768 1773 1808 1835 1845 1885 1909 1959 2091 2119
78 99 1136 1762 1835 1846 2061 2132
79 38 226 301 333 372 374 375 544 693 734 1145 1159 1802 1826 1885 1998 2253
80 136 162 184 463 542 557 559 566 627 681 693 694 696 701 710 716 724 730 740 755 759 808 1159 1256 1321 1686 1716 1963 2001 2087 2175 2204 2255 2273
81 6 22 38 88 97 141 184 201 221 226 270 301 333 371 372 374 394 486 631 684 762 782 788 790 807 921 974 983 993 1001 1071 1294 1301 1347 1400 1445 1483 1570 1595 1762 1798 1805 1825 1832 1846 1892 1932 2061 2064 2218
82 37 152 162 636 694 902 1111 1144 1208 1228 1230 1245 1251 1260 1349 1376 1381 1400 1417 1446 1469 1512 1551 1562 1571 1579 1595 1617 1654 1659 1707 1708 1713 1835 1845 1994 2040
83 162 301 463 695 696 704 711 750 1159 1446 1483
84 1136 1555 1738 1939 2061 2218 2238 2266
85 34 162 301 381 408 465 544 587 887 906 1000 1144 1145 1255 1275 1439 1512 1556 1595 1825 1845 2045 2131
86 301 371 694 696 721 750 801 921 1139 1145 1159 1261 1483 1700 2094 2143 2243
87 7 201 333 514 542 547 548 558 627 678 693 696 701 710 715 716 717 726 754 755 762 832 974 993 1091 1103 1113 1117 1159 1320 1780 1863 1960 1962 2240
88 333 544 693 974 1113 1159 1402 1700 1843 1994
89 39 67 99 137 145 217 226 234 236 333 339 514 577 602 624 628 804 834 855 879 977 987 993 1002 1071 1150 1159 1301 1467 1468 1546 1595 1613 1614 1682 1707 1719 1732 1786 1815 1820 1892 1900 1998 2132 2212 2311
90 16 308 322 536 544 545 564 623 695 713 720 740 741 762 808 863 1251 1381 1610 1613 1655 1684 1773 1964 2001
91 0 12 26 66 136 146 181 201 227 232 273 301 500 537 543 544 593 606 624 636 736 750 762 794 796 797 840 902 934 1006 1105 1117 1149 1150 1151 1171 1193 1195 1196 1222 1227 1229 1231 1246 1251 1349 1379 1381 1446 1469 1483 1484 1490 1501 1546 1568 1595 1613 1617 1622 1661 1684 1707 1756 1759 1808 1885 1889 1987 2032 2042 2074 2090 2167 2216 2238 2333
92 105 162 181 232 303 371 382 408 412 564 596 597 694 695 696 704 707 721 750 790 794 921 1058 1144 1151 1154 1159 1182 1251 1260 1364 1434 1555 1580 1617 1635 1659 1727 1728 1865 1900 2040 2189 2190 2191 2243 2267
93 542 652 1113 1142 1365 1747 2325
94 6 67 201 226 333 334 694 725 734 743 782 832 921 934 1091 1159 1294 1347 1381 1483 1555 1700 1739 1773 1892 1899
95 88 97 162 184 201 213 371 593 596 704 717 736 782 921 1113 1159 1294 1381 1595 1798 1825 1994 2064 2074 2324
96 31 162 184 374 514 536 537 540 541 542 544 547 553 555 556 557 558 620 640 700 710 727 734 741 758 801 1096 1097 1100 1101 1102 1136 1256 1266 1321 1582 1690 1692 1693 1732 1774 1790 1794 1795 1829 1858 1861 1911 1946 1960 1963 1964 1966 2035 2053 2092 2189 2204 2208
97 184 201 408 544 651 1159 1613 2059 2262
98 14 31 184 217 333 723 732 807 932 1117 1193 1233 1294 1346 1617 1808 1925 1933 2001 2095 2127 2238 2265 2311 2312
99 201 208 333 374 548 694 695 696 750 1159 1389